1.0,0.00189308,1.50692e-06,0.0013036,5.74441e-06,3.44721e-06,0.000742525,0.00564252,0.000630425,0.00054982
0.00189308,1.0,0.000187931,0.000726906,0.00949051,0.000177299,0.00673651,0.000604191,0.00519985,0.000198617
1.50692e-06,0.000187931,1.0,0.00835632,0.0023726999999999997,0.000245937,0.00121015,2.0983899999999997e-05,0.00470913,0.000121078
0.0013036,0.000726906,0.00835632,1.0,0.000447988,0.00529295,0.00034565199999999995,4.50695e-05,0.012090700000000001,5.1609800000000005e-06
5.74441e-06,0.00949051,0.0023726999999999997,0.000447988,1.0,0.0006046830000000001,0.00218337,0.0007734619999999999,0.000424181,0.00017854400000000002
3.44721e-06,0.000177299,0.000245937,0.00529295,0.0006046830000000001,1.0,0.0008611410000000001,0.00211164,0.00114028,0.000172053
0.000742525,0.00673651,0.00121015,0.00034565199999999995,0.00218337,0.0008611410000000001,1.0,1.6429000000000002e-07,0.014012700000000001,0.00182428
0.00564252,0.000604191,2.0983899999999997e-05,4.50695e-05,0.0007734619999999999,0.00211164,1.6429000000000002e-07,1.0,0.0161367,0.00300199
0.000630425,0.00519985,0.00470913,0.012090700000000001,0.000424181,0.00114028,0.014012700000000001,0.0161367,1.0,0.000528107
0.00054982,0.000198617,0.000121078,5.1609800000000005e-06,0.00017854400000000002,0.000172053,0.00182428,0.00300199,0.000528107,1.0
