1.0,0.00275137,0.00513254,0.00091665,0.00014884,3.04344e-05,0.00023238599999999998,0.000740125,6.51671e-05,0.00368297
0.00275137,1.0,0.0393375,0.000608085,0.0011019,0.0006824719999999999,0.000748199,3.8974900000000004e-08,9.708e-05,0.000346597
0.00513254,0.0393375,1.0,0.00286993,0.000115712,6.768919999999999e-06,0.00947805,0.002437,0.00016502200000000002,0.00452234
0.00091665,0.000608085,0.00286993,1.0,0.000793176,0.00587429,0.00794154,7.41474e-05,0.00017797400000000001,0.00013357200000000001
0.00014884,0.0011019,0.000115712,0.000793176,1.0,0.00137413,0.00881273,4.2643800000000005e-06,0.000176285,0.000988133
3.04344e-05,0.0006824719999999999,6.768919999999999e-06,0.00587429,0.00137413,1.0,0.014842099999999999,0.00254932,0.000565705,0.00143974
0.00023238599999999998,0.000748199,0.00947805,0.00794154,0.00881273,0.014842099999999999,1.0,0.0006193209999999999,2.27934e-05,0.00049326
0.000740125,3.8974900000000004e-08,0.002437,7.41474e-05,4.2643800000000005e-06,0.00254932,0.0006193209999999999,1.0,0.0357382,0.000403441
6.51671e-05,9.708e-05,0.00016502200000000002,0.00017797400000000001,0.000176285,0.000565705,2.27934e-05,0.0357382,1.0,0.00469752
0.00368297,0.000346597,0.00452234,0.00013357200000000001,0.000988133,0.00143974,0.00049326,0.000403441,0.00469752,1.0
