1.0,0.0229017,0.00576087,0.00277884,0.0006813419999999999,0.000288819,0.00018153,0.0009508339999999999,0.0011970000000000001,0.000416321
0.0229017,1.0,0.00447923,0.0297012,0.000300776,0.00117142,5.3249300000000005e-05,0.000141481,0.00169421,0.00147613
0.00576087,0.00447923,1.0,0.0228729,0.00614009,0.00106536,0.011455400000000001,0.000894528,1.18841e-07,0.0008141439999999999
0.00277884,0.0297012,0.0228729,1.0,0.00103933,0.000174638,0.00109957,0.0005578019999999999,0.00033360199999999995,0.00195497
0.0006813419999999999,0.000300776,0.00614009,0.00103933,1.0,0.00129505,0.00033539400000000003,0.00235709,0.00046256199999999997,0.00125168
0.000288819,0.00117142,0.00106536,0.000174638,0.00129505,1.0,0.049238,0.0187737,0.00031548,0.00110867
0.00018153,5.3249300000000005e-05,0.011455400000000001,0.00109957,0.00033539400000000003,0.049238,1.0,0.0129819,0.0006931960000000001,0.0038128999999999997
0.0009508339999999999,0.000141481,0.000894528,0.0005578019999999999,0.00235709,0.0187737,0.0129819,1.0,0.0008814739999999999,0.00624717
0.0011970000000000001,0.00169421,1.18841e-07,0.00033360199999999995,0.00046256199999999997,0.00031548,0.0006931960000000001,0.0008814739999999999,1.0,0.03581380000000001
0.000416321,0.00147613,0.0008141439999999999,0.00195497,0.00125168,0.00110867,0.0038128999999999997,0.00624717,0.03581380000000001,1.0
