1.0,0.00013582200000000002,0.00278624,0.00202504,0.005612399999999999,0.00723143,0.00293133,0.00045003800000000004,0.00014607299999999998,0.00385805
0.00013582200000000002,1.0,0.00928074,0.000362044,0.00212644,0.00115211,0.00024355900000000002,0.00839749,0.00496907,0.00021925
0.00278624,0.00928074,1.0,0.0031711,0.0004973590000000001,0.00330734,0.00740607,0.00308717,4.02905e-05,0.00431784
0.00202504,0.000362044,0.0031711,1.0,0.00163116,0.00247714,0.000598573,0.000113328,0.00647439,5.5937e-06
0.005612399999999999,0.00212644,0.0004973590000000001,0.00163116,1.0,0.00133847,0.00781836,0.004232,0.00540433,0.00149556
0.00723143,0.00115211,0.00330734,0.00247714,0.00133847,1.0,0.08530650000000001,0.00306909,0.00045818300000000003,0.000115605
0.00293133,0.00024355900000000002,0.00740607,0.000598573,0.00781836,0.08530650000000001,1.0,0.00105896,0.00234961,0.000177931
0.00045003800000000004,0.00839749,0.00308717,0.000113328,0.004232,0.00306909,0.00105896,1.0,4.683729999999999e-05,0.000912673
0.00014607299999999998,0.00496907,4.02905e-05,0.00647439,0.00540433,0.00045818300000000003,0.00234961,4.683729999999999e-05,1.0,0.00832939
0.00385805,0.00021925,0.00431784,5.5937e-06,0.00149556,0.000115605,0.000177931,0.000912673,0.00832939,1.0
