1.0,4.20085e-05,1.73308e-05,0.000971292,0.00110223,0.00316839,0.00360756,0.00227047,0.0028409000000000004,0.00041274
4.20085e-05,1.0,0.021017599999999997,0.00601152,0.0017864,0.00401243,1.9351e-07,0.00114927,0.00931424,7.03094e-05
1.73308e-05,0.021017599999999997,1.0,0.00021359900000000003,0.0115732,0.0010613,0.00737009,2.9051599999999998e-05,1.0422599999999999e-05,0.00296668
0.000971292,0.00601152,0.00021359900000000003,1.0,0.0006997999999999999,0.0007805239999999999,0.000433061,0.00048399900000000004,0.000735236,0.000200494
0.00110223,0.0017864,0.0115732,0.0006997999999999999,1.0,0.0322666,0.0263481,0.000626061,0.00459983,0.00218528
0.00316839,0.00401243,0.0010613,0.0007805239999999999,0.0322666,1.0,0.00493311,0.00263666,0.00685706,0.000345356
0.00360756,1.9351e-07,0.00737009,0.000433061,0.0263481,0.00493311,1.0,0.00525806,0.0166996,0.000987784
0.00227047,0.00114927,2.9051599999999998e-05,0.00048399900000000004,0.000626061,0.00263666,0.00525806,1.0,0.0366695,0.00125679
0.0028409000000000004,0.00931424,1.0422599999999999e-05,0.000735236,0.00459983,0.00685706,0.0166996,0.0366695,1.0,0.000479879
0.00041274,7.03094e-05,0.00296668,0.000200494,0.00218528,0.000345356,0.000987784,0.00125679,0.000479879,1.0
