1.0,0.00482837,0.00590226,0.00141516,1.93549e-05,0.00019318799999999998,0.000773582,0.00958069,0.000243452,0.00273398
0.00482837,1.0,0.000743495,0.00104473,0.000205517,0.00314287,0.005276100000000001,0.00170865,0.000838905,0.00440539
0.00590226,0.000743495,1.0,0.00117471,0.00524718,0.00237557,6.752899999999999e-06,6.15318e-05,0.00377906,0.0008890160000000001
0.00141516,0.00104473,0.00117471,1.0,0.031786400000000006,0.003639,0.00038396199999999995,0.00830275,0.0020434999999999997,6.92063e-05
1.93549e-05,0.000205517,0.00524718,0.031786400000000006,1.0,0.00143399,2.54959e-05,0.000393864,0.00134999,0.00685163
0.00019318799999999998,0.00314287,0.00237557,0.003639,0.00143399,1.0,0.00504719,0.000209495,0.00172621,0.000295124
0.000773582,0.005276100000000001,6.752899999999999e-06,0.00038396199999999995,2.54959e-05,0.00504719,1.0,0.00183233,0.00195328,0.00953604
0.00958069,0.00170865,6.15318e-05,0.00830275,0.000393864,0.000209495,0.00183233,1.0,0.00425055,0.00243368
0.000243452,0.000838905,0.00377906,0.0020434999999999997,0.00134999,0.00172621,0.00195328,0.00425055,1.0,0.0009361630000000001
0.00273398,0.00440539,0.0008890160000000001,6.92063e-05,0.00685163,0.000295124,0.00953604,0.00243368,0.0009361630000000001,1.0
