1.0,0.02178,0.012627600000000001,0.012819999999999998,2.20503e-05,0.0025764,0.0007756880000000001,0.00941584,0.00416677,0.00372674
0.02178,1.0,0.0362593,0.00199735,0.000150177,0.0014506999999999999,0.00350627,0.00726734,0.00021051099999999998,0.00580689
0.012627600000000001,0.0362593,1.0,0.000564853,0.00231089,0.0007895189999999999,0.00016954400000000002,0.00253307,3.25954e-07,0.000316044
0.012819999999999998,0.00199735,0.000564853,1.0,0.00149825,0.00942628,0.000569451,0.0006601510000000001,0.0007884410000000001,0.000113533
2.20503e-05,0.000150177,0.00231089,0.00149825,1.0,0.12428900000000001,0.00040574199999999995,0.00400448,0.0006288880000000001,0.00211508
0.0025764,0.0014506999999999999,0.0007895189999999999,0.00942628,0.12428900000000001,1.0,4.51966e-05,0.00250369,0.0235106,0.000143687
0.0007756880000000001,0.00350627,0.00016954400000000002,0.000569451,0.00040574199999999995,4.51966e-05,1.0,0.00309391,0.000716235,0.000571476
0.00941584,0.00726734,0.00253307,0.0006601510000000001,0.00400448,0.00250369,0.00309391,1.0,0.0009706910000000001,0.00405562
0.00416677,0.00021051099999999998,3.25954e-07,0.0007884410000000001,0.0006288880000000001,0.0235106,0.000716235,0.0009706910000000001,1.0,0.00323004
0.00372674,0.00580689,0.000316044,0.000113533,0.00211508,0.000143687,0.000571476,0.00405562,0.00323004,1.0
