1.0,0.00207118,0.000738115,0.0005163230000000001,0.00012031200000000001,0.000275054,0.00250061,0.000748912,0.00258445,3.33357e-05
0.00207118,1.0,0.000152317,0.00275712,0.00120254,0.000465649,0.00155608,0.00181856,0.000268702,0.00292115
0.000738115,0.000152317,1.0,0.00011656200000000001,5.48147e-05,0.000122223,0.000537981,0.00422306,0.00559298,0.00129185
0.0005163230000000001,0.00275712,0.00011656200000000001,1.0,0.052308400000000005,0.00158024,0.000825717,4.9871300000000005e-06,0.00265659,7.86616e-05
0.00012031200000000001,0.00120254,5.48147e-05,0.052308400000000005,1.0,0.0008115189999999999,0.00105924,5.80251e-06,1.2907999999999999e-05,0.00133617
0.000275054,0.000465649,0.000122223,0.00158024,0.0008115189999999999,1.0,2.1638000000000002e-05,0.000457975,0.0009154189999999999,3.88333e-05
0.00250061,0.00155608,0.000537981,0.000825717,0.00105924,2.1638000000000002e-05,1.0,8.932559999999999e-05,0.000346365,0.00341237
0.000748912,0.00181856,0.00422306,4.9871300000000005e-06,5.80251e-06,0.000457975,8.932559999999999e-05,1.0,0.00229507,0.0007874739999999999
0.00258445,0.000268702,0.00559298,0.00265659,1.2907999999999999e-05,0.0009154189999999999,0.000346365,0.00229507,1.0,3.25577e-05
3.33357e-05,0.00292115,0.00129185,7.86616e-05,0.00133617,3.88333e-05,0.00341237,0.0007874739999999999,3.25577e-05,1.0
