1.0,0.0892302,0.00336625,0.00223292,0.000275805,7.70025e-05,0.00285563,0.00064646,0.000197399,0.00017894299999999998
0.0892302,1.0,0.000519646,6.44367e-05,0.000750072,0.00494931,1.79582e-05,0.000195291,0.0043898,0.000683188
0.00336625,0.000519646,1.0,0.0102289,0.00657665,0.0167949,5.21429e-05,0.00580158,0.00200783,3.2005200000000002e-06
0.00223292,6.44367e-05,0.0102289,1.0,0.000628596,0.000374243,0.000848946,0.00080681,7.84215e-05,1.5684799999999998e-06
0.000275805,0.000750072,0.00657665,0.000628596,1.0,0.41485500000000003,0.000482134,0.00408212,2.6369099999999998e-05,0.00545829
7.70025e-05,0.00494931,0.0167949,0.000374243,0.41485500000000003,1.0,0.000952547,0.00646271,0.000257408,0.00390652
0.00285563,1.79582e-05,5.21429e-05,0.000848946,0.000482134,0.000952547,1.0,8.849860000000001e-05,0.00163714,0.0006144680000000001
0.00064646,0.000195291,0.00580158,0.00080681,0.00408212,0.00646271,8.849860000000001e-05,1.0,0.012979,9.411780000000001e-05
0.000197399,0.0043898,0.00200783,7.84215e-05,2.6369099999999998e-05,0.000257408,0.00163714,0.012979,1.0,0.0308047
0.00017894299999999998,0.000683188,3.2005200000000002e-06,1.5684799999999998e-06,0.00545829,0.00390652,0.0006144680000000001,9.411780000000001e-05,0.0308047,1.0
