1.0,0.00270049,0.00199892,0.00034609699999999996,0.00425125,0.00011674899999999999,0.000153148,0.00324155,0.000983361,0.00511994
0.00270049,1.0,0.000226509,0.000373254,0.000103917,2.8058200000000002e-05,0.000366984,0.000916252,0.000307662,0.00109396
0.00199892,0.000226509,1.0,0.039401900000000004,0.0848444,0.029800999999999998,0.000255216,3.5158600000000002e-06,0.0017509000000000001,0.000181653
0.00034609699999999996,0.000373254,0.039401900000000004,1.0,0.10591800000000001,0.000163073,0.00067496,0.00108043,0.00035558,0.000260476
0.00425125,0.000103917,0.0848444,0.10591800000000001,1.0,0.0566849,0.000550521,0.00039751300000000005,0.0021416,0.000371849
0.00011674899999999999,2.8058200000000002e-05,0.029800999999999998,0.000163073,0.0566849,1.0,0.000920767,0.000447048,0.00044034300000000005,0.00111672
0.000153148,0.000366984,0.000255216,0.00067496,0.000550521,0.000920767,1.0,0.000942021,0.00452486,0.00137637
0.00324155,0.000916252,3.5158600000000002e-06,0.00108043,0.00039751300000000005,0.000447048,0.000942021,1.0,0.00326746,2.0165e-05
0.000983361,0.000307662,0.0017509000000000001,0.00035558,0.0021416,0.00044034300000000005,0.00452486,0.00326746,1.0,0.181948
0.00511994,0.00109396,0.000181653,0.000260476,0.000371849,0.00111672,0.00137637,2.0165e-05,0.181948,1.0
