1.0,0.030263099999999998,0.010758499999999999,0.0007143130000000001,0.00121759,4.4490299999999997e-05,3.23919e-05,0.00044286099999999996,6.622340000000001e-05,0.00183737
0.030263099999999998,1.0,0.00110878,0.000175305,0.0007777530000000001,0.00134426,0.000824159,0.00060622,0.000368196,0.000871948
0.010758499999999999,0.00110878,1.0,0.100798,0.013429399999999998,7.818160000000001e-08,0.00021297900000000002,3.5813e-06,0.0009189539999999999,0.00256119
0.0007143130000000001,0.000175305,0.100798,1.0,0.00876594,1.25353e-05,7.91264e-05,0.000758722,0.00201469,0.00063305
0.00121759,0.0007777530000000001,0.013429399999999998,0.00876594,1.0,0.00300119,0.00849231,0.0005004440000000001,0.00105092,2.74058e-07
4.4490299999999997e-05,0.00134426,7.818160000000001e-08,1.25353e-05,0.00300119,1.0,4.14459e-05,0.00026545700000000003,0.0008763,0.00390326
3.23919e-05,0.000824159,0.00021297900000000002,7.91264e-05,0.00849231,4.14459e-05,1.0,0.00648597,0.000311218,6.184140000000001e-05
0.00044286099999999996,0.00060622,3.5813e-06,0.000758722,0.0005004440000000001,0.00026545700000000003,0.00648597,1.0,0.00329887,1.62094e-05
6.622340000000001e-05,0.000368196,0.0009189539999999999,0.00201469,0.00105092,0.0008763,0.000311218,0.00329887,1.0,0.0127394
0.00183737,0.000871948,0.00256119,0.00063305,2.74058e-07,0.00390326,6.184140000000001e-05,1.62094e-05,0.0127394,1.0
