1.0,0.000458138,1.16676e-05,0.00264175,0.00027728599999999996,3.9734e-06,0.0029113000000000003,2.63914e-05,8.18099e-05,0.00134137
0.000458138,1.0,0.000118575,5.2358e-05,2.7840900000000003e-05,0.00104502,0.00044746900000000004,0.00379316,3.3609099999999996e-05,0.000587009
1.16676e-05,0.000118575,1.0,0.00175949,0.00689474,0.00280607,0.010204600000000001,0.00145487,0.00018873099999999998,0.00212731
0.00264175,5.2358e-05,0.00175949,1.0,0.013576099999999999,0.015887000000000002,0.00379548,0.0006856760000000001,0.00039305300000000003,0.000219813
0.00027728599999999996,2.7840900000000003e-05,0.00689474,0.013576099999999999,1.0,0.00805549,0.25766,0.000322684,0.00203012,2.00767e-05
3.9734e-06,0.00104502,0.00280607,0.015887000000000002,0.00805549,1.0,0.04676280000000001,0.00434351,2.7373800000000002e-05,0.000528639
0.0029113000000000003,0.00044746900000000004,0.010204600000000001,0.00379548,0.25766,0.04676280000000001,1.0,0.00515479,0.00153534,0.00478596
2.63914e-05,0.00379316,0.00145487,0.0006856760000000001,0.000322684,0.00434351,0.00515479,1.0,1.91746e-05,0.0015602
8.18099e-05,3.3609099999999996e-05,0.00018873099999999998,0.00039305300000000003,0.00203012,2.7373800000000002e-05,0.00153534,1.91746e-05,1.0,0.00231682
0.00134137,0.000587009,0.00212731,0.000219813,2.00767e-05,0.000528639,0.00478596,0.0015602,0.00231682,1.0
