1.0,0.00863299,0.0032834,0.0008157430000000001,0.00134488,0.00136525,0.0015845999999999998,0.00028864099999999996,0.0005361669999999999,0.000189452
0.00863299,1.0,0.00319821,0.00418523,0.0142643,0.000976347,0.00431232,0.016397799999999997,0.000176677,0.0026732
0.0032834,0.00319821,1.0,0.00199196,1.36665e-05,1.39699e-05,0.000620949,5.2630900000000005e-05,0.000638118,0.0032064
0.0008157430000000001,0.00418523,0.00199196,1.0,0.00329779,0.016081,0.000420269,0.000276576,0.00347718,1.58227e-05
0.00134488,0.0142643,1.36665e-05,0.00329779,1.0,0.033637099999999996,0.000801223,0.00354765,0.00173292,5.21162e-05
0.00136525,0.000976347,1.39699e-05,0.016081,0.033637099999999996,1.0,0.036742000000000004,4.09136e-05,0.00021517,0.0010017000000000001
0.0015845999999999998,0.00431232,0.000620949,0.000420269,0.000801223,0.036742000000000004,1.0,5.14099e-05,0.00273431,0.00487079
0.00028864099999999996,0.016397799999999997,5.2630900000000005e-05,0.000276576,0.00354765,4.09136e-05,5.14099e-05,1.0,0.00518288,0.00247986
0.0005361669999999999,0.000176677,0.000638118,0.00347718,0.00173292,0.00021517,0.00273431,0.00518288,1.0,3.4413199999999997e-06
0.000189452,0.0026732,0.0032064,1.58227e-05,5.21162e-05,0.0010017000000000001,0.00487079,0.00247986,3.4413199999999997e-06,1.0
