1.0,0.00185553,0.00296309,9.022e-05,0.00032879199999999995,0.00275778,3.2286399999999996e-05,0.00010727100000000001,0.000153003,0.00038591699999999994
0.00185553,1.0,0.00665236,4.7746499999999994e-05,0.00279798,0.00024849700000000003,0.000646064,0.00131036,0.00786297,6.2547500000000006e-06
0.00296309,0.00665236,1.0,0.000895732,0.00011547200000000001,2.81385e-05,0.00257702,0.00201732,1.20048e-05,0.000163571
9.022e-05,4.7746499999999994e-05,0.000895732,1.0,0.00132574,0.0009736860000000001,0.00264198,8.413149999999999e-05,0.00117191,4.32167e-07
0.00032879199999999995,0.00279798,0.00011547200000000001,0.00132574,1.0,0.00139819,0.00022787,0.000492949,0.000202362,8.38225e-05
0.00275778,0.00024849700000000003,2.81385e-05,0.0009736860000000001,0.00139819,1.0,0.0891887,0.0100742,0.00131262,8.55342e-06
3.2286399999999996e-05,0.000646064,0.00257702,0.00264198,0.00022787,0.0891887,1.0,0.131549,1.27475e-06,0.000191534
0.00010727100000000001,0.00131036,0.00201732,8.413149999999999e-05,0.000492949,0.0100742,0.131549,1.0,0.000155179,0.0017715
0.000153003,0.00786297,1.20048e-05,0.00117191,0.000202362,0.00131262,1.27475e-06,0.000155179,1.0,1.21476e-05
0.00038591699999999994,6.2547500000000006e-06,0.000163571,4.32167e-07,8.38225e-05,8.55342e-06,0.000191534,0.0017715,1.21476e-05,1.0
