1.0,0.000113874,8.23956e-05,0.00235567,0.00014269399999999999,0.00049328,0.00517998,0.00125506,0.00344706,0.0035138000000000005
0.000113874,1.0,0.0489138,0.00139055,3.24453e-05,0.00083889,0.00907285,0.00605967,0.000164104,0.00129584
8.23956e-05,0.0489138,1.0,0.000568523,0.00279895,0.000179902,0.00176378,0.00376886,9.630870000000001e-05,0.000197403
0.00235567,0.00139055,0.000568523,1.0,0.000205427,0.00838398,5.0180600000000005e-05,0.00162351,9.76461e-06,1.43826e-06
0.00014269399999999999,3.24453e-05,0.00279895,0.000205427,1.0,0.00502235,0.00757841,0.00293649,0.00237401,0.000212953
0.00049328,0.00083889,0.000179902,0.00838398,0.00502235,1.0,0.0005231130000000001,0.000410411,0.000582597,0.00115337
0.00517998,0.00907285,0.00176378,5.0180600000000005e-05,0.00757841,0.0005231130000000001,1.0,0.26026900000000003,0.000545537,0.00308933
0.00125506,0.00605967,0.00376886,0.00162351,0.00293649,0.000410411,0.26026900000000003,1.0,0.00158995,7.19183e-05
0.00344706,0.000164104,9.630870000000001e-05,9.76461e-06,0.00237401,0.000582597,0.000545537,0.00158995,1.0,0.019879499999999998
0.0035138000000000005,0.00129584,0.000197403,1.43826e-06,0.000212953,0.00115337,0.00308933,7.19183e-05,0.019879499999999998,1.0
