1.0,1.22683e-07,0.00117339,0.00794322,0.00211937,0.000312597,0.00129943,0.000306357,0.00048433300000000004,0.000719052
1.22683e-07,1.0,0.00168237,0.00318602,2.50391e-05,0.00197765,0.000131461,0.000253311,0.000671362,0.00111196
0.00117339,0.00168237,1.0,0.024302599999999997,0.000656149,0.00347726,0.000250192,0.00100647,0.00090661,0.000748992
0.00794322,0.00318602,0.024302599999999997,1.0,0.000385586,0.00340608,0.000532219,0.00012903399999999998,0.000222323,8.780049999999999e-05
0.00211937,2.50391e-05,0.000656149,0.000385586,1.0,0.0005428869999999999,0.00150439,2.4665300000000002e-08,0.000923167,0.00124139
0.000312597,0.00197765,0.00347726,0.00340608,0.0005428869999999999,1.0,0.00227635,0.00351397,0.000132736,3.69287e-05
0.00129943,0.000131461,0.000250192,0.000532219,0.00150439,0.00227635,1.0,0.00620889,0.00965521,0.00330303
0.000306357,0.000253311,0.00100647,0.00012903399999999998,2.4665300000000002e-08,0.00351397,0.00620889,1.0,0.00149311,0.00047804
0.00048433300000000004,0.000671362,0.00090661,0.000222323,0.000923167,0.000132736,0.00965521,0.00149311,1.0,0.022927799999999998
0.000719052,0.00111196,0.000748992,8.780049999999999e-05,0.00124139,3.69287e-05,0.00330303,0.00047804,0.022927799999999998,1.0
